Obsh001
1 Закрытое общество
2 Фактор производства
3 56
4 135
5 31142
6 256
7 34
8 11221
9 135
10 15
11 234
12 124
13 14
14 11212
15 135
16 235
17 256
18 13323
19 13
20 317295

Obsh002
1 Коммуникативная
2 Экономическая интеграция
3 15
4 124
5 12332
6 14
7 245
8 31312
9 124
10 15
11 235
12 45
13 345
14 12221
15 2345
16 156
17 134
18 12312
19 145
20 673128

Obsh003
1 Духовные
2 Духовная культура
3 36
4 25
5 22121
6 145
7 236
8 12121
9 346
10 24
11 245
12 234
13 246
14 12212
15 356
16 134
17 145
18 32132
19 246
20 842791

Obsh004
1 Акция
2 Административное правонарушение
3 36
4 134
5 21233
6 2356
7 245
8 12213
9 135
10 14
11 126
12 124
13 35
14 22121
15 245
16 123
17 145
18 12221
19 135
20 753964

Bio001
1 стабилизирующий
2 физиологический
3 60
4 356
5 132213
6 50
7 25
8 12112
9 245
10 211212
11 243156
12 235
13 121221
14 35142
15 235
16 12112
17 146
18 215453
19 2134
20 5267
21 34

Bio002
1 модификационная
2 идиоадаптация
3 4
4 23
5 21211
6 1111
7 25
8 112221
9 135
10 331122
11 51243
12 145
13 112122
14 53124
15 356
16 121122
17 345
18 156
19 53124
20 247
21 23

Rus001
1 25
2 только именно лишь
3 5
4 прожорлива
5 унизительные
6 проливной
7 молоть
8 59321
9 235
10 234
11 234
12 34
13 некому
14 оттого подолгу
15 234
16 15
17 123
18 1234
19 2
20 1234
21 167
22 24
23 12
24 имею в виду иметь в виду
25 3
26 2914

Rus101
1 45
2 15
3 23
4 25
5 14
6 13
7 24
8 25
9 34
10 23

Math101
1 5850
2 12
3 25
4 22
5 6
6 0,4
7 3
8 70000
9 -14
10 5

Math102
1 10
2 6
3 2
4 3
5 2
6 8
7 2
8 0,625
9 1
10 3 
 
Math103
1 0,2
2 0,65
3 467
4 0,4
5 0,52
6 0,33
7 0.91
8 0,68
9 0.5
10 0.35

Math104
1 0,15
2 0,75
3 467
4 0,6
5 0,990739
6 0,16
7 0,168
8 0,4
9 0,25
10 0,375